walking
[0.22056177 0.2942667  0.31402776 0.356944   0.36301947 0.37816465
 0.4002153  0.41984406 0.4514079  0.46823832 0.4909375  0.49927408
 0.5215812  0.54756457 0.5627265  0.57800436 0.58748233 0.61074173
 0.6196189  0.63677996 0.64681935 0.6588099  0.68057024 0.7007416
 0.70642   ]
---------------------------------------
running
[0.18258002 0.3081153  0.39271477 0.48091948 0.5477336  0.6096591
 0.6669873  0.7274156  0.76579535 0.80425256 0.8278908  0.8397638
 0.83030456 0.7992667  0.7684598  0.7601424  0.75299144 0.7549014
 0.74634564 0.7404858  0.73865914 0.73561573 0.74180144 0.75958604
 0.7890545 ]
---------------------------------------
directing_traffic
[0.34370264 0.3955141  0.48814481 0.5681394  0.64751923 0.71964294
 0.8849619  0.9496063  0.91316044 0.96619135 1.0028827  1.1384342
 1.1803303  1.315029   1.3449184  1.3736815  1.4045256  1.4332931
 1.4564313  1.4872775  1.524731   1.5650017  1.6056534  1.6463435
 1.5908167 ]
---------------------------------------
soccer
[0.15464075 0.2590058  0.33844963 0.42694712 0.5134963  0.58536816
 0.64934486 0.7012558  0.753691   0.8033486  0.84201115 0.89716786
 0.9405539  0.98580337 1.026923   1.0721822  1.1130805  1.1525166
 1.1898302  1.2235193  1.2394394  1.2714016  1.3045503  1.3373334
 1.3774229 ]
---------------------------------------
basketball
[0.18852937 0.3047783  0.39772516 0.49005556 0.5915045  0.6889436
 0.78584355 0.86869    0.9488189  1.0237437  1.1075313  1.1602223
 1.2127174  1.2715174  1.3178824  1.3607415  1.414301   1.4618942
 1.508137   1.5479354  1.5881599  1.6169161  1.6483402  1.6576663
 1.6750395 ]
---------------------------------------
washwindow
[0.12886357 0.1938562  0.2620475  0.3304512  0.36575904 0.4033052
 0.4733416  0.53813696 0.60049033 0.66149545 0.7117251  0.7667942
 0.8223597  0.8712749  0.91643846 0.95934373 0.9899782  1.0109328
 1.0232404  1.0312682  1.0394921  1.0503608  1.0600845  1.0674186
 1.0780404 ]
---------------------------------------
jumping
[0.17477645 0.30538142 0.42504737 0.5422146  0.71684843 0.8150158
 0.9933167  1.1410109  1.3356706  1.3954933  1.4560926  1.5032742
 1.5348482  1.6029904  1.627294   1.7179544  1.6822939  1.7265396
 1.6443262  1.7139586  1.7533829  1.7873985  1.7697331  1.7492905
 1.7284826 ]
---------------------------------------
basketball_signal
[0.08213983 0.14482619 0.20856963 0.2661844  0.3256314  0.38280785
 0.43870375 0.49516955 0.55087227 0.6005066  0.6497506  0.69459194
 0.73885673 0.78133464 0.82227767 0.86058277 0.89615    0.92907375
 0.9562248  0.98251325 1.0054114  1.026042   1.0443156  1.0609615
 1.0759852 ]

总结：前4个要处理