walking
[0.25231826 0.36376062 0.4475936  0.54121554 0.6108927  0.6775374
 0.75360185 0.8156396  0.8908159  0.93657964 0.9885401  1.0127313
 1.0526425  1.0917019  1.1211365  1.1508247  1.1790197  1.2144649
 1.232964   1.2568666  1.2817823  1.3036166  1.3135512  1.3222355
 1.3229274 ]
---------------------------------------
0.4999156594276428
running
[0.34641278 0.5492058  0.74103457 0.9175283  1.0619403  1.1800147
 1.2765727  1.353586   1.4114478  1.4653556  1.5055575  1.5471771
 1.5826609  1.6114714  1.6429827  1.6683273  1.68752    1.6945924
 1.6862423  1.6675303  1.6369754  1.6021131  1.5773479  1.5642937
 1.5710057 ]
---------------------------------------
0.31815868616104126
directing_traffic
[0.35226014 0.40208718 0.48436368 0.59606004 0.6947193  0.7918338
 0.9821145  1.0668522  1.0440245  1.1120274  1.1611855  1.3105683
 1.3610789  1.5011346  1.533897   1.5669674  1.598976   1.6301146
 1.6520907  1.6774445  1.7097284  1.741738   1.7790778  1.817799
 1.7587348 ]
---------------------------------------
0.4262830913066864
soccer
[0.17230244 0.28469235 0.3920374  0.5025987  0.6125377  0.7139516
 0.8030903  0.8814591  0.95659924 1.0265219  1.0834352  1.1518067
 1.2028885  1.2550415  1.2930193  1.3374915  1.3760424  1.418983
 1.4567541  1.5007555  1.5242381  1.5624435  1.5992384  1.638505
 1.6845427 ]
---------------------------------------
0.5013248920440674
basketball
[0.24177293 0.40475637 0.5500107  0.6896564  0.8346544  0.9667779
 1.0907217  1.1978112  1.301553   1.3901467  1.4773039  1.5481948
 1.6101801  1.6741244  1.7225506  1.7665426  1.8143314  1.8612175
 1.9037952  1.9343435  1.970037   1.9986975  2.0207896  2.033432
 2.0451806 ]
---------------------------------------
0.26210319995880127
washwindow
[0.1505058  0.23798683 0.33605132 0.42924923 0.48897916 0.5422803
 0.6191995  0.6879269  0.75000787 0.8120031  0.8686398  0.93291605
 0.9938655  1.0499315  1.1020449  1.1563706  1.1971393  1.2303385
 1.2551469  1.2763178  1.2898651  1.3085467  1.3228302  1.3329288
 1.3464622 ]
---------------------------------------
0.5076358914375305
jumping
[0.22276068 0.34984565 0.47690213 0.599131   0.7903839  0.8963084
 1.0819207  1.237585   1.4499346  1.5259593  1.6008481  1.6613215
 1.7055557  1.7911922  1.8340589  1.9368489  1.9210978  1.9471921
 1.8631872  1.9243786  1.9503249  1.9691167  1.9140049  1.8707578
 1.8344152 ]
---------------------------------------
0.16052745282649994
basketball_signal
[0.0831494  0.1460987  0.21234858 0.27213013 0.3312887  0.38573632
 0.4381035  0.49036616 0.5399343  0.5845607  0.6276159  0.6667455
 0.7038738  0.7400037  0.77485865 0.8083843  0.8376101  0.86387175
 0.8850575  0.9053299  0.9192954  0.93209976 0.9454256  0.95854414
 0.9747636 ]