walking
[0.07887952 0.16060315 0.24641079 0.32046673 0.379497   0.41304493
 0.44598362 0.4809363  0.5090212  0.53439873 0.5593331  0.590521
 0.6109415  0.6149495  0.620628   0.6251126  0.63253623 0.6248729
 0.61355907 0.59769654 0.59651405 0.5949937  0.58827    0.6000874
 0.62565583]
---------------------------------------
eating
[0.07543361 0.14159814 0.19870731 0.2625896  0.30250072 0.32380217
 0.34714875 0.37468502 0.41082966 0.4570093  0.50360554 0.52955294
 0.5466217  0.5592592  0.5726125  0.58139    0.5901098  0.61056983
 0.6400506  0.6770633  0.7225834  0.7688322  0.80376816 0.8313641
 0.83959734]
---------------------------------------
smoking
[0.0817115  0.14633413 0.21326606 0.29121616 0.3608814  0.41054553
 0.45674384 0.52053547 0.5461415  0.5777087  0.5908648  0.6150668
 0.6344559  0.65025413 0.64507186 0.6565866  0.67442095 0.70189863
 0.73786044 0.788642   0.8510519  0.9171676  0.97811675 1.0180541
 1.0516515 ]
---------------------------------------
discussion
[0.08419675 0.17269535 0.27338967 0.36289304 0.4345651  0.4828663
 0.5183896  0.5413903  0.5660072  0.61042917 0.7221052  0.787719
 0.8353387  0.89855105 0.95942354 1.0027585  1.0546318  1.1083697
 1.1475182  1.1700457  1.1885583  1.2091647  1.2098627  1.208904
 1.2140908 ]
---------------------------------------
directions
[0.08961723 0.17681988 0.23478623 0.28771538 0.32954952 0.3776061
 0.4349406  0.48538777 0.5257203  0.5565613  0.5882797  0.61988264
 0.64885974 0.6700265  0.6919624  0.730718   0.76328534 0.80439246
 0.84689474 0.88818526 0.9176942  0.93729305 0.9589635  0.9812074
 0.99477714]
---------------------------------------
greeting
[0.11676861 0.25720796 0.3754272  0.47359928 0.5640459  0.6382506
 0.69884276 0.75647515 0.81460595 0.87926227 0.99196184 1.052906
 1.0943085  1.1071876  1.0910743  1.0969143  1.1065687  1.1282159
 1.1502916  1.1599464  1.1998022  1.222051   1.2358992  1.2337141
 1.2008563 ]
---------------------------------------
phoning
[0.09635358 0.3273132  0.44064236 0.53024375 0.5966261  0.67403364
 0.7294655  0.7781242  0.82154644 0.84993184 0.8700087  0.8808583
 0.8864086  0.92731786 0.95387185 0.96240515 0.9722718  0.98590726
 0.99817777 1.0091088  1.0217924  1.0298623  1.0192634  1.0320245
 1.0467563 ]
---------------------------------------
posing
[0.08090196 0.17173795 0.29252276 0.39379042 0.4598287  0.5424364
 0.6487619  0.7598255  0.85683185 0.9307697  0.9884223  1.0430537
 1.0873884  1.1170226  1.1563388  1.2001163  1.2500848  1.297236
 1.3583056  1.4199936  1.4797932  1.5536935  1.6273968  1.6807673
 1.6791613 ]
---------------------------------------
purchases
[0.14802003 0.3288172  0.4480812  0.51421785 0.55612373 0.59576464
 0.65375054 0.7107609  0.73625636 0.73406374 0.76682484 0.8435482
 0.90295017 0.95739055 1.0010638  1.0042024  0.977158   1.001103
 1.0357049  1.0812414  1.1384387  1.1738071  1.2261493  1.2747227
 1.3386855 ]
---------------------------------------
sitting
[0.08792862 0.22917596 0.32693252 0.36165482 0.44479954 0.51713526
 0.5779825  0.647296   0.7258444  0.7614552  0.7948438  0.811035
 0.83337456 0.8383764  0.8578416  0.875492   0.8991879  0.9212951
 1.2286159  1.2448919  1.2606791  1.2897573  1.3053881  1.3122106
 1.3148087 ]
---------------------------------------
sittingdown
[0.10852082 0.28304666 0.43637675 0.5267397  0.57817197 0.6303902
 0.6433629  0.70114875 0.73838055 0.78018606 0.8179899  0.834957
 0.87624514 0.912697   0.95572597 1.0002092  1.0377041  1.0703225
 1.0959582  1.1138583  1.1287892  1.1460986  1.1502393  1.1956224
 1.2079458 ]
---------------------------------------
takingphoto
[0.06151016 0.12489092 0.19734912 0.2751841  0.32379    0.378889
 0.4332204  0.48916832 0.5440411  0.5967383  0.60549027 0.65333205
 0.69209415 0.71292996 0.7296964  0.74623066 0.7677327  0.7865137
 0.8140657  0.8334332  0.8485001  0.86320376 0.8799207  0.9031473
 0.9199896 ]
---------------------------------------
waiting
[0.08435118 0.17452389 0.28519285 0.3909875  0.47619537 0.5552943
 0.63404316 0.70040166 0.76465887 0.83666843 0.9050329  0.9767451
 1.0374424  1.1071334  1.1726329  1.2413176  1.3120522  1.3917423
 1.4650851  1.5336673  1.5853446  1.6249769  1.6505891  1.6603414
 1.6668582 ]
---------------------------------------
walkingdog
[0.1533368  0.34408203 0.48954487 0.6042709  0.68626887 0.7526297
 0.7987965  0.8397138  0.8938542  0.9412748  0.9784653  1.0266575
 1.0708635  1.1152924  1.1301031  1.1451111  1.169548   1.1858603
 1.2034378  1.2081149  1.2076831  1.2226095  1.2394657  1.2551291
 1.2768623 ]
---------------------------------------
walkingtogether
[0.0636165  0.14245692 0.22988674 0.313365   0.36430815 0.39273575
 0.4077851  0.42310542 0.43416935 0.4500425  0.46381333 0.48447892
 0.51791376 0.5551002  0.5843765  0.59825456 0.6043624  0.6130507
 0.6224248  0.6253573  0.6306793  0.6448174  0.6764518  0.73618513
 0.7932443 ]